33
56.9602 250.0472 23.6833 33.2189 1.5178901611791924
131.5361 193.4671 17.5916 27.5347 1.5327376771259082
12.7763 219.6635 20.8893 27.4526 1.3836167458355129
53.9476 148.3537 15.2715 23.4910 1.3898615338991485
84.8182 140.3787 16.9077 25.5099 1.5927874753700253
165.7346 134.7592 14.3028 28.1860 1.6383335875300693
179.2836 106.9988 12.5391 18.9953 1.532207097033302
157.7430 84.0493 11.7465 21.0165 1.5743393451764451
142.4886 164.6693 14.7483 22.7300 1.6593962209431368
106.3897 227.0335 23.1184 30.4375 1.5762923686094266
20.0507 193.2216 22.6002 26.5527 1.177903513549201
165.6625 194.0904 18.1026 21.7552 1.1115670393394006
59.7056 121.2391 18.2239 28.7218 1.4841459654211342
88.3508 90.7022 12.5631 22.3583 1.3254239779155177
26.9853 64.4692 11.3608 23.5706 1.5676337901902828
160.6615 35.0833 11.2667 21.2399 1.5673876987657516
58.4986 199.9890 16.9464 26.4308 1.4350812694890696
107.3864 48.9421 9.0595 17.4783 1.5790517341568298
90.0430 67.1117 11.3824 22.5760 1.542377130584673
79.5001 24.4021 8.3014 19.2080 1.6353996890574667
21.8361 98.7262 11.5170 21.7921 1.476485715334131
-98.7164 172.4329 33.2186 123.6038 1.1758527516781077
25.0690 20.9330 7.4075 20.3221 1.606687277532908
111.2448 191.4969 17.3823 32.7122 1.6809266025957388
76.5531 158.2586 18.7823 26.5977 1.6480603074514337
116.5368 90.8377 11.3301 18.1117 1.4059395069685203
94.2279 6.1270 8.0423 17.8157 1.5992469389316561
121.2630 120.7868 11.8703 22.9144 1.547016215736474
44.9105 89.1674 10.8380 21.5487 1.3780962694114547
26.1802 40.9005 11.0580 22.0702 1.531929589682235
113.5734 28.0501 8.0640 16.1166 1.3940957026644867
162.9478 57.7880 9.3420 19.8914 1.6049489295979216
114.1056 137.9597 14.7461 22.4447 1.5075019614713223
