55
126.8949 140.6569 10.1731 11.8186 2.413736250301346
110.6972 55.5778 9.1746 11.6654 1.3047959314861968
134.4528 61.7339 9.0556 11.8649 1.3243244204867615
117.6492 76.1998 9.6074 11.2502 1.0419999606841586
142.7934 81.0465 9.6030 11.3767 3.0775146354320735
112.7605 98.1370 10.0996 11.4945 2.6046543265185016
141.6216 103.7764 10.2931 11.5026 2.2906853020479896
161.0913 98.0205 9.1058 11.1443 2.3708028960315373
168.2386 77.3395 10.2091 10.8261 2.8565262815323074
188.5131 69.8403 9.8462 11.7392 1.9781073049913172
92.9435 116.5482 10.3291 11.3109 1.6690950155964692
115.8404 119.4001 8.3465 11.8244 1.4495779742561343
88.4017 95.7901 9.8150 10.6630 1.2877440646942124
68.8321 105.5452 9.6751 11.9333 2.363912336144664
90.5145 72.3525 9.8413 11.3932 2.385449699114274
69.3734 84.9553 9.1961 11.2049 1.7946016421073814
87.4801 50.9263 9.9582 11.2453 0.8175785441457197
68.0513 63.2222 9.2250 11.6913 0.7340383594990111
184.4279 106.1774 10.1646 11.4831 1.663921859693558
188.7185 143.2636 13.6645 26.2503 3.041325233391971
165.3818 118.2821 9.9479 10.8281 1.59253789328699
145.4477 124.7812 7.0008 9.6081 1.464446434153874
177.1650 50.2410 9.7381 11.8593 2.8420924086183144
198.6991 47.1143 9.3792 11.6647 0.7072405741638903
98.7125 136.0832 8.8475 11.1325 1.106198406560266
62.9771 124.6395 8.8929 11.0431 1.873261886165514
41.0230 135.2374 8.8708 11.1110 1.6257515089524421
39.4455 115.4572 9.4137 11.5606 1.2168051572469025
18.1324 128.6053 9.5610 9.7295 0.6417313860195352
3.6869 110.6385 9.8780 11.3262 0.6943460816501561
27.1527 82.7324 10.2887 10.8727 0.9946805940040884
47.9944 73.4279 9.8466 11.0117 1.4004137945567061
4.2937 82.7279 9.9855 10.4414 1.1922571013176024
26.2313 60.4264 9.7392 11.0926 0.800565074597279
48.4911 52.5364 9.6808 11.3769 1.4873015207087399
59.2680 33.2671 9.6025 11.4707 2.4307741544593147
79.5339 24.6714 9.0501 11.1213 0.7939712206832444
105.2707 37.4392 9.8145 12.7633 1.7770017419302706
122.9302 23.7276 9.8226 11.0164 1.5510269823575569
138.3931 40.7114 8.7238 12.2996 2.2594107471815033
156.0980 58.5664 9.2177 11.8528 0.6160872633199823
158.8511 33.4152 9.8271 11.9564 1.345394035216837
179.4585 25.0676 10.0132 11.1907 3.048742882712947
102.1651 15.2535 9.0307 11.3011 0.41630116917344345
124.9980 1.5626 9.7183 10.3905 2.2197079973571365
146.6929 13.0941 9.3138 11.3757 0.9981834698128409
43.6710 15.3995 9.8151 12.6389 2.3876121620574944
63.1126 5.7790 10.2635 10.7976 1.8699771765132607
85.7297 -2.4865 10.4355 16.5193 0.03328342883553186
20.9625 8.8565 9.5603 12.4971 1.1048771923165064
-1.7500 35.5000 8.0140 10.1386 0.6060132228774712
31.3584 36.4703 9.4624 12.0827 1.293648513553709
0.6969 58.4226 8.9306 11.0004 0.46164656846950813
192.4025 9.1475 8.8754 11.2524 1.90403727686593
169.0707 2.4090 10.0322 11.0836 1.6741110918667008
