10
126.8295 127.8450 125.7466 129.2432 1.241936153146369
397.6102 135.5504 133.5110 137.5519 1.3610531292657302
127.1740 122.7152 66.7477 70.4805 1.786805256338723
395.3167 135.4238 72.7763 77.7876 1.3214812791352626
133.3622 410.4234 143.2642 151.0792 1.5562420261625158
408.4906 410.0268 133.0763 141.3824 1.6168241498284912
393.3339 137.9209 91.4843 92.4828 1.0494961498214743
126.2215 123.8805 84.4839 88.5645 1.6131310331312712
406.4360 413.9980 157.4679 168.4113 1.6178224781606318
132.0634 414.8610 169.1423 178.7162 1.771620891846372
