15
302.7968 354.2527 109.2631 109.6402 3.0676378171950374
301.7692 353.1767 99.0423 101.2780 1.7826670806822444
301.6072 353.3995 86.7659 88.4704 1.6372235581258008
465.0080 248.0766 81.1885 83.2354 1.65592476106092
464.2229 250.0770 75.3378 76.8806 1.833827917045954
464.0824 251.0409 50.9855 55.1283 2.1394996462524847
304.4536 134.4751 109.2337 110.7425 2.445476808078115
305.5244 135.7145 97.4910 101.9239 2.2489230637062696
303.7534 134.0822 73.8707 75.2986 2.562424339937247
303.5919 135.4956 78.5435 79.9452 2.326825834869036
128.5232 245.6192 90.6576 92.2775 1.9987493140546544
129.6770 246.6624 81.5069 84.2631 2.3483178192780945
129.8399 247.1132 61.0355 63.1968 1.968321243875385
301.6931 355.1336 36.9826 39.3576 1.5955974554657362
301.3565 353.7195 24.8555 26.6404 0.19010300745647435
