13
248.3666 176.6786 41.8046 43.5013 1.2612325133564184
248.7869 176.9678 22.8764 26.4990 1.6412989019292077
248.2530 178.5003 15.6184 16.5230 3.1100423367014915
357.4176 182.0172 37.7451 40.2543 0.7406898092783616
357.4011 180.4864 8.1533 9.8083 1.6715035699642213
446.6739 314.5480 34.2561 34.4008 1.6777605753326212
362.4860 312.6839 37.1849 38.9286 1.0544197236413504
261.0566 311.7409 33.9171 38.1386 1.5576330535763554
160.4468 307.6659 38.3564 42.2736 1.5351375048474005
399.3848 444.0490 29.7446 36.1647 3.0084920995034534
410.0940 444.0716 39.6655 41.3234 0.10426422418488926
300.1649 440.4583 36.2071 38.8676 1.4722498012395409
180.1450 392.2270 35.9716 40.0302 1.573745933230767
