14
129.697 256.655 70.2205 155.157 3.036384206279575
137.442 256.849 77.72 158.516 3.024341434440814
109.514 259.217 17.8359 32.7059 3.068358638176111
95.9483 260.893 10.5745 24.5079 3.0565078525550695
378.698 138.207 8.64488 12.883 3.012316115894573
374.168 139.457 16.6464 23.6098 3.0254235385770505
347.643 243.186 13.0523 21.2003 3.23489795540141
362.326 243.978 12.7312 24.7711 3.1861509093932083
372.988 240.488 77.4174 108.789 3.1104385264416945
375.363 239.008 87.3614 126.358 3.1051676321006716
380.158 241.289 93.8473 126.298 3.133599045615659
384.411 395.426 11.4908 11.8519 4.549619574343698
402.727 391.856 7.32357 8.96295 3.02264846506638
416.989 388.857 7.68139 8.48677 3.6155193586763335
