11
232.472 -89.581 266.196 473.828 5.237296752921984
449.462 386.415 15.2957 18.4405 4.807125452182942
505.933 384.76 16.5698 25.2034 4.820721567055978
574.312 391.286 16.7165 28.8912 4.789759426125598
340.789 573.047 92.2575 228.009 4.482598931067116
294.865 690.639 205.162 415.455 4.4674669264523255
345.549 695.891 131.044 225.595 4.2718853304738404
95.5721 198.419 8.60136 22.4277 4.71202246124177
623.5 199.5 6.11983 12.5419 4.71238898038469
123.674 160.121 5.48975 12.7254 4.793093004996908
336.331 588.086 108.1 256.713 4.483942834591152
