10
263.8756 245.8471 248.2914 251.8500 1.449082300748568
444.4786 342.9034 31.4103 33.2635 1.121311212553285
82.8964 148.7377 32.8791 33.9810 0.4122589866258246
263.6051 251.8717 158.6927 161.1127 0.241003789761637
262.8957 259.0730 148.6273 150.7901 1.6006868355645514
262.4335 259.9865 105.9817 107.9334 0.43430773106626896
262.7444 261.2172 88.6284 91.3779 2.028407694033794
261.6986 260.3758 40.1345 41.8277 1.14807758196187
252.0428 445.7048 7.2123 9.0317 0.2146912059585705
81.5798 338.9687 7.0575 9.4344 0.8335430708137118
