10
297.6279 250.5612 249.2478 251.1696 1.0514334652911879
160.1974 96.4562 32.9004 33.3100 1.358904628956525
433.4649 403.9151 32.3446 33.1724 0.36453819421779565
296.4865 257.7681 156.7984 163.9542 3.09885652152546
295.9857 263.6656 149.6621 151.7329 0.7566281560075737
298.0117 263.9901 106.9848 107.9366 3.118500202256656
297.1488 265.2648 90.6890 91.3697 2.581434466149969
297.2343 265.1791 40.5670 41.6763 1.8986564267820314
217.9863 434.4663 7.4073 8.9504 0.37603816865918627
94.1814 275.1493 6.0938 10.0710 1.3775953599161324
