21
116.537 210.738 20.2757 39.173 4.5334403721777115
176.922 190.19 13.9943 27.7828 4.648405210006578
173.71 162.762 14.5123 26.6665 4.5859573293702205
215.704 145.135 13.9787 22.0298 4.589639974091928
258.121 157.72 13.7676 25.7106 4.692404960449355
248.811 198.731 27.3375 47.246 4.725897828795126
39.9871 257.403 18.4208 30.5392 4.5516790628610515
143.901 329.241 31.389 54.8293 4.571837615721586
230.71 340.308 21.2656 36.7275 4.670291638826587
224.915 286.054 32.3849 54.2242 4.674166269766014
148.963 239.323 13.5748 23.3741 4.620933727580187
201.93 243.689 15.492 25.8772 4.603497888352764
288.207 242.416 21.5325 34.4334 4.652157667898365
303.903 316.634 23.1821 41.0975 4.691829001796196
338.54 365.991 27.0248 48.239 4.678773938991279
375.714 323.092 19.8553 32.3851 4.677307862419604
355.644 285.51 18.4608 34.5775 4.741658151940635
438.099 288.737 28.4981 49.0915 4.705110957403874
377.84 250.201 17.7427 34.8709 4.678424873140879
347.57 194.565 18.1577 33.8647 4.689734606693803
409.672 206.617 16.1507 35.3121 4.745096450567064
