26
372.095 397.677 29.2347 71.3272 4.756964689480625
99.0061 447.11 42.8243 104.344 4.707728951281865
156.388 385.912 41.2804 110.403 4.694255009456469
100.83 308.36 26.0702 72.7894 4.705652009471991
357.731 252.084 21.7726 72.9201 4.75218248733016
215.911 216.922 22.3337 80.7824 4.765359723182718
421.429 202.609 17.0563 67.685 4.778362426110075
105.559 127.259 13.911 57.2376 4.747522458227335
215.764 116.395 14.4055 63.8486 4.70936956077874
387.538 103.456 9.98734 52.5363 4.745916755315501
61.1599 38.9998 8.47542 42.1112 4.724274672590771
120.155 74.8345 11.2472 47.1815 4.73705048271537
279.91 43.4902 9.23467 42.0302 4.78029974157979
370.594 42.8128 6.53743 31.2123 4.779776142804191
459.186 75.5356 10.2865 50.8726 4.759652496528696
370.695 90.0328 11.0885 60.0251 4.751397089166764
296.365 126.036 10.5867 43.382 4.7506291442958855
34.4083 88.6523 9.48742 36.019 4.723524181012413
58.4668 3.49526 5.52229 31.911 4.768291876326067
416.103 7.75358 5.84914 44.3442 4.774208542490329
468.237 411.209 30.9703 78.7207 4.804088579284472
489.587 196.634 20.5335 66.7627 4.839344230174757
475.002 167.928 9.00394 37.893 4.771608001904857
12.5611 169.925 12.2036 40.9119 4.718968871664709
356.281 21.7139 7.8741 32.8103 4.813164291394842
465.128 8.0083 5.01555 32.7025 4.748168230050574
