10
279.9035 233.0033 251.0290 251.8799 1.7916014211232032
127.7813 94.9289 33.3761 33.7418 2.6459243820111595
432.2349 370.4903 32.2013 33.0327 0.030361747667693357
279.2547 240.1925 157.1815 163.4957 3.139468587890116
279.0493 246.0544 149.9353 152.5671 0.9266895476633972
281.1396 246.6532 107.2406 108.7628 2.8931537612146605
278.6685 248.3727 90.7642 92.1044 3.0719452897889594
279.1878 247.5622 40.5596 41.5992 2.2506561756535
221.4368 426.2542 6.5491 10.4702 0.2583663251604766
81.4745 280.7774 7.7810 9.6283 1.5998333695603264
