10
296.3329 249.9823 250.6016 251.3089 2.39468772684508
160.4640 96.8347 32.8461 33.8188 0.8112918681800362
433.3747 403.7406 32.8914 33.0253 2.089522143121627
297.0886 257.7724 157.0911 163.6675 3.0764377672835925
297.9785 264.8464 148.9725 150.2053 2.2568171879130396
297.1728 264.5507 106.9419 109.1682 0.048347365609494916
296.5026 265.3335 40.6529 41.8343 2.8673595401994363
297.2863 263.6125 90.9697 91.4741 0.671635857423206
217.5749 434.6070 7.2413 9.4973 0.327504052819728
93.6064 274.6801 6.5642 10.5175 1.3032827310247177
