24
206 53 35 33 0.70499
100 90 33 17 1.24169
182 122 26 16 -0.163955
105 219 37 15 -0.520916
34 225 30 19 -1.07669
126 272 29 20 0.951023
258 178 28 27 -1.43098
154 174 26 11 -0.63342
123 88 27 13 -0.692955
159 130 22 16 -0.173206
233 235 38 32 0.757177
130 118 18 11 -0.425694
239 83 29 25 0.325405
60 260 36 21 -0.40754
235 159 26 16 1.00482
178 174 20 18 -1.28314
155 241 31 28 -1.45389
209 96 20 13 -0.055409
263 271 30 16 0.721698
128 199 35 18 -0.709612
20 251 14 13 -1.33741
211 139 22 12 0.887344
235 31 19 11 -0.75149
52 115 33 20 -0.232896
