24
84 116 35 26 -0.0438546
262 114 30 20 -0.0159589
132 187 21 16 1.22879
198 69 34 23 -0.306272
229 202 28 11 -0.776604
119 216 26 18 0.852312
243 247 33 18 -1.14661
25 214 18 17 -1.40924
131 22 17 13 0.641509
177 161 27 26 1.45629
212 124 31 19 -0.870411
89 90 33 19 0.113309
61 208 32 26 -1.50534
251 181 35 29 -1.45904
57 233 27 19 -0.404378
226 257 34 25 -1.40529
177 88 24 22 0.76289
284 143 19 14 0.258345
128 123 36 17 1.29987
201 20 25 11 1.0755
181 201 24 12 0.842918
262 72 31 12 -1.10565
148 38 31 26 0.98183
143 221 24 13 0.128489
