24
176 168 21 11 -0.315252
159 164 38 13 -0.446645
251 44 26 12 -0.269423
266 155 33 14 -1.51368
124 121 21 12 -0.661301
169 112 23 12 1.2453
271 56 32 21 0.578551
54 208 32 19 -0.414604
211 227 35 34 -1.53076
88 87 24 22 -1.18414
230 198 31 13 -1.27299
213 51 21 19 -1.27819
109 220 38 31 1.0205
212 72 24 24 1.12658
200 139 36 16 -0.0759217
58 180 25 12 -0.459078
70 96 32 23 1.23903
278 190 35 11 0.105111
126 251 32 25 -1.26407
261 240 25 11 -1.25543
252 86 21 11 -0.446309
183 63 18 16 -1.56724
240 168 22 12 1.21165
231 138 20 11 -0.0684201
