24
196 204 36 32 -0.796983
263 180 25 13 1.04818
142 124 38 18 1.15749
59 44 27 20 0.0605614
39 236 21 17 -0.827209
42 89 27 14 -1.18685
181 56 21 16 1.49451
175 112 30 23 0.605124
205 159 26 11 0.979707
77 85 32 16 0.732123
248 121 33 18 -1.24882
139 263 29 14 0.447708
145 200 21 17 1.50032
44 217 24 16 -1.40719
180 159 16 14 1.05128
159 34 20 18 -0.225615
262 203 21 11 1.0582
98 32 31 26 0.695946
168 270 27 25 0.132655
272 143 23 11 0.928919
86 231 30 23 0.2726
183 30 19 18 -0.0187373
73 182 35 11 -0.734149
255 78 28 19 -0.221362
