24
204 229 28 15 -0.807883
225 42 28 26 -0.422065
153 227 18 14 -0.860639
66 103 37 33 -0.303119
77 156 33 32 0.79373
134 100 33 11 0.953284
211 207 24 18 0.422977
72 274 23 21 -0.0297783
251 136 27 14 0.550416
235 228 20 15 1.19478
100 212 28 23 0.701118
44 217 15 12 -0.090773
122 275 37 18 -1.53889
125 163 29 16 0.615425
158 64 27 17 0.247055
69 230 22 15 0.529686
248 158 15 13 1.45468
41 112 26 26 -0.100302
213 145 37 14 1.42427
257 51 19 14 0.36967
218 106 35 30 0.892661
168 213 13 11 1.54085
141 52 35 12 0.0244064
153 202 13 12 -0.239738
