24
34 108 26 11 1.30569
85 103 31 30 0.210833
185 154 32 20 0.475121
239 196 28 19 0.423228
266 190 27 27 -1.32719
121 260 28 22 -0.0893113
88 187 31 15 -0.358698
191 222 19 19 -0.0945629
170 130 36 34 0.325754
71 242 30 24 0.449952
268 120 14 11 0.844122
34 64 24 11 0.566155
176 273 35 18 -1.33442
115 197 25 23 1.54675
282 113 15 13 0.814487
31 253 31 23 -1.01173
202 193 14 12 1.00214
108 49 35 19 0.405237
158 249 28 16 -0.0151718
270 230 21 11 0.311681
137 59 28 16 -1.21212
247 251 28 11 0.276983
33 79 16 12 -0.00505919
188 76 30 17 -0.543581
