24
92 193 27 17 -0.324442
46 239 38 20 -1.32656
172 269 34 19 1.43431
90 76 36 33 0.930415
59 46 18 18 0.0195682
134 74 30 14 -0.811623
84 235 28 11 -1.04524
166 186 21 12 -0.234146
132 43 24 19 -0.0874558
265 200 37 19 -0.493477
192 71 22 21 0.73562
257 137 30 14 -1.0956
88 270 25 11 -0.831609
199 259 32 16 1.44711
181 191 32 15 0.0260952
180 238 17 11 0.862784
252 218 34 24 -1.06977
214 71 33 12 0.0379156
147 244 27 15 1.22042
88 148 35 11 -0.750376
221 126 34 24 -0.399801
68 184 28 12 -1.56058
83 35 23 18 0.413572
126 158 37 19 0.877768
