24
237 235 24 21 -1.0501
91 282 26 11 -1.5408
249 255 37 21 0.585175
201 63 36 35 -1.02707
136 62 36 15 1.41317
86 269 30 18 -1.29839
251 183 30 24 -0.902795
36 245 23 23 -0.510282
164 169 21 20 -0.621756
26 50 14 12 -0.509283
61 137 33 25 0.672161
217 105 30 28 0.812087
33 156 36 13 0.224869
72 174 29 21 -1.3617
43 79 21 21 -0.136369
128 36 19 18 0.777649
135 171 32 17 -0.0964492
29 97 16 15 -1.20888
164 105 35 20 0.978296
268 162 29 24 0.443287
141 198 38 14 0.455822
81 227 26 22 1.41117
159 36 36 12 0.597127
214 261 16 11 -0.185838
