24
153 61 32 11 -0.157187
50 106 32 27 0.652327
94 157 30 28 -1.03276
179 182 35 35 -1.48641
216 146 24 12 -1.47459
87 73 18 15 1.52455
240 253 34 17 0.285222
190 250 19 18 1.5283
21 103 20 13 0.871999
49 52 20 20 1.20401
157 246 26 17 -1.31641
33 150 27 16 0.551356
111 193 28 13 1.08137
175 281 17 16 0.9571
158 147 26 17 -1.13935
84 196 26 16 -0.942164
264 262 23 13 1.07446
111 96 26 21 1.28171
260 158 32 12 -1.51559
148 102 25 12 -0.370742
272 203 31 19 0.466128
48 32 33 20 1.10161
124 46 34 12 0.570167
179 69 29 23 -1.44419
