24
226 77 16 15 1.13411
216 103 34 21 1.16734
112 243 35 18 1.13489
60 73 19 14 1.42552
26 113 19 18 -0.517554
163 248 32 23 1.15493
35 52 29 29 -0.00625197
221 164 18 12 -0.962476
251 147 26 24 -1.20641
133 128 38 33 0.921594
157 148 37 33 -0.336889
70 202 36 12 -0.140547
269 186 19 15 -0.225572
95 41 36 18 1.51946
86 156 19 12 1.01369
57 123 35 11 -1.45168
121 58 20 11 -0.999761
21 138 22 17 -0.334604
164 215 24 22 0.706485
43 206 27 17 0.739809
192 89 22 12 -0.282938
109 200 29 25 -0.350506
235 178 18 16 -0.216459
54 230 26 12 0.561782
