24
29 105 35 14 0.114279
25 44 37 18 0.256111
203 38 24 18 0.395473
217 222 37 23 -1.00395
80 79 24 21 -1.09882
252 146 32 19 -0.366747
57 256 38 19 1.3256
96 244 29 21 -0.1612
233 143 23 21 -1.2516
51 49 21 15 0.93497
59 112 23 13 0.28865
165 156 35 29 0.66815
197 244 26 23 -1.21951
145 139 35 21 0.473795
217 61 27 15 0.439092
250 263 29 22 -0.863456
265 98 37 15 0.727637
72 139 19 11 -0.22123
73 196 33 11 -0.987892
111 182 31 15 -0.0107421
125 81 38 16 1.14784
153 225 38 21 0.628185
88 125 31 13 -1.09921
64 206 25 15 -0.609722
