24
84 209 34 16 0.529875
153 214 31 23 -0.733855
164 243 35 16 -0.734214
177 88 28 26 -0.375599
264 73 17 12 -1.30152
152 44 21 15 -0.54991
191 130 23 18 1.43626
199 234 13 12 -0.310456
215 106 37 29 -0.659849
53 103 19 15 -1.14259
98 84 20 19 -0.464256
62 169 34 24 1.1848
109 116 31 18 0.145705
178 31 23 19 -1.16165
71 130 21 12 -1.55098
215 250 21 16 1.54622
37 152 30 22 -1.18551
240 47 36 24 -0.115246
62 227 21 19 -1.49594
96 228 13 12 -1.02578
121 95 25 16 -0.58655
234 225 24 16 0.0892147
259 28 26 20 0.108593
37 74 24 23 1.47208
