24
262 50 13 12 0.222374
158 73 32 13 -0.201482
213 112 38 33 1.10627
232 260 13 12 0.55567
57 112 38 23 -0.607308
130 102 34 20 -0.234515
217 221 27 14 1.38904
112 230 24 18 1.26381
64 206 29 17 -1.39807
181 75 26 11 0.484223
151 271 20 19 -0.772097
196 147 22 15 1.47184
180 266 25 17 0.236528
39 164 29 23 -0.207997
130 126 28 17 -1.42576
112 197 37 22 1.38494
260 130 31 29 -0.409111
91 146 33 11 -0.774622
107 271 35 15 -0.900602
176 219 31 24 0.61627
267 255 32 23 1.02034
263 93 14 14 0.268751
253 64 18 16 1.13162
149 27 37 16 1.32074
