24
213 165 33 18 -0.300209
124 95 22 16 0.662797
269 164 22 20 -0.683107
213 72 21 17 1.23606
47 80 30 28 0.623076
163 177 23 11 -0.763389
136 225 35 22 -0.941618
239 129 38 21 -1.32574
249 223 22 17 0.417188
262 243 30 18 -1.0775
79 248 29 23 0.812228
203 269 20 18 0.560974
147 66 29 26 -0.866247
127 252 29 13 -0.129341
47 269 15 15 -0.221778
170 151 30 13 0.779088
106 174 36 23 -0.196956
240 78 21 11 -1.39461
64 83 31 12 0.248406
182 256 20 11 0.579198
134 47 21 15 0.266841
41 233 31 14 -0.0827772
74 199 23 18 -0.47264
201 231 19 16 -0.647103
