24
38 232 15 13 -1.16913
259 94 27 20 1.24019
148 57 34 14 1.01918
70 117 33 21 -0.431842
215 218 18 11 -1.2748
200 212 15 12 1.43453
93 200 23 17 0.299345
90 266 25 19 0.492437
181 151 37 28 1.29478
156 122 29 20 -0.466689
41 39 33 18 -1.3905
120 219 29 27 0.77621
119 181 20 19 -1.49119
54 54 34 21 0.722997
99 281 27 17 1.44182
231 107 30 21 0.141254
170 68 21 19 -0.347526
97 98 33 20 -1.42208
57 240 24 17 -0.222596
235 59 35 33 0.760065
179 25 16 16 -0.112904
101 133 15 13 -1.2396
90 67 18 12 1.11446
31 85 17 13 0.982958
