24
151 253 21 13 0.768996
248 72 37 13 0.254847
274 150 16 14 0.838946
108 141 38 20 -0.124422
42 188 32 27 1.38309
124 40 25 12 0.0530527
100 281 26 15 1.22974
263 43 35 29 -1.23751
163 84 35 33 -1.01166
57 89 31 16 -0.051697
77 257 35 15 0.293327
191 96 31 28 0.519686
111 35 25 11 0.0263898
102 237 35 19 0.199939
271 127 31 20 0.17751
229 146 34 31 -1.23206
52 164 29 25 0.226831
129 178 29 26 -0.0903195
153 126 24 15 -0.90902
231 193 27 11 0.109573
180 245 31 24 -0.787207
77 55 31 19 0.299738
107 74 30 11 0.444299
83 199 17 14 1.54775
