24
201 229 37 18 -0.788786
112 90 27 11 0.362635
178 58 29 23 -0.406939
88 87 35 13 -0.318448
102 152 36 30 -0.0417859
80 215 33 20 -0.663881
55 244 37 24 -0.116212
186 47 34 26 0.135339
106 261 19 15 0.723629
236 182 30 26 0.463595
191 162 22 15 -1.54531
45 26 23 17 -1.46462
260 197 24 17 -0.447843
188 145 25 24 -1.44373
51 148 34 25 1.56391
151 198 26 11 -0.839348
275 169 22 12 0.861238
158 215 34 11 1.07338
77 34 20 12 -0.0548368
40 199 19 17 -1.10083
237 119 35 27 0.142976
126 255 20 16 0.797058
277 103 21 12 1.23222
35 47 30 16 1.32785
