24
120 211 30 16 1.44531
239 154 38 16 -1.08463
216 95 35 23 -0.103116
208 166 14 13 1.42388
156 194 20 18 -1.51562
73 50 25 12 1.47214
99 83 34 28 -0.339868
25 90 30 18 -0.174631
191 222 29 11 0.513524
145 62 28 21 0.38312
237 109 34 20 1.253
30 213 16 13 -1.03866
36 237 34 20 1.11391
176 251 16 14 -0.607981
201 270 35 15 -0.738251
29 126 30 18 -0.0442742
265 201 33 30 1.05206
135 230 33 23 0.331454
238 201 30 25 0.247678
74 247 27 19 -0.143138
154 87 14 13 0.929911
175 162 21 16 -1.24411
284 160 14 12 0.166065
252 46 32 30 0.882971
