24
120 80 22 20 1.10168
129 61 30 17 0.321963
43 230 30 22 0.186777
260 172 23 21 -0.526511
199 110 33 18 1.06867
68 243 33 21 0.444214
98 48 14 14 1.48931
70 165 36 29 1.0584
160 116 31 15 -1.15306
133 189 37 33 -0.454325
263 71 20 18 1.12925
71 37 33 27 1.47818
160 179 31 20 -1.54906
235 165 31 27 -0.957528
172 83 26 24 0.0830404
68 80 28 20 -0.818875
246 86 34 11 0.377679
51 142 18 12 -1.04689
90 126 29 13 0.91812
239 204 31 11 -0.234001
142 224 23 13 0.18649
37 94 19 14 -1.1284
38 264 18 17 -0.0856933
228 62 35 11 -1.51026
