24
160 253 25 13 -0.895676
49 50 32 27 -0.272734
46 181 21 17 1.0282
133 106 37 21 -0.241152
174 76 26 12 0.433511
265 29 35 20 1.01638
236 98 22 12 -0.520279
134 67 23 20 1.37295
45 256 26 14 -0.826601
127 200 25 24 -0.669771
74 90 18 15 -1.33564
251 124 33 23 1.19457
156 231 18 16 0.0259616
60 231 36 17 0.995573
197 85 17 16 -0.282574
35 151 29 22 0.81732
268 65 26 26 -1.28043
147 192 27 20 -1.3217
87 248 19 18 0.516868
211 147 29 24 0.742384
38 87 18 14 -0.886867
170 35 38 12 -1.10319
18 234 20 12 0.631645
111 108 31 15 1.36122
