24
74 38 36 31 -0.167316
241 80 25 16 -1.14604
226 234 33 31 0.383558
208 48 32 19 -0.333707
154 207 34 14 -0.936131
40 248 37 23 0.600934
235 188 32 16 0.87437
198 242 25 13 -0.293202
100 225 22 19 0.400429
171 203 25 18 0.148663
77 197 36 29 1.10905
134 69 28 26 -0.806195
161 158 22 14 -0.247422
152 97 38 29 -0.936539
40 65 27 19 0.082816
128 145 30 15 -0.562887
68 272 27 13 -1.09662
187 61 21 16 -0.244363
227 130 37 32 -0.159558
38 27 23 16 0.609399
99 111 29 15 0.549485
270 197 29 17 0.162588
276 172 19 12 0.431547
193 149 36 17 0.0179698
