12
18.5278 168.88 22.4828 26.8416 3.6516302209000964
46.6404 154.735 13.9925 23.5113 2.5220880355944058
86.4219 177.725 11.8546 29.2744 2.788093666890862
122.033 162.535 15.6366 24.4479 3.4960166647922817
157.96 137.958 16.1582 17.2061 2.5582338044032085
227.692 142.84 17.1242 19.2468 4.123113465033844
286.465 135.671 11.2694 16.0704 2.8884675521730556
314.494 128.12 11.6929 14.1356 3.0616914804334927
250.324 123.772 8.30849 14.0809 2.832948628667116
160.288 124.963 16.641 23.6257 2.963586523178891
133.896 130.012 14.9281 25.9643 3.0202922705761877
100.014 131.079 13.7838 27.5562 2.996363806531345
