14
183.179 338.223 77.7825 117.772 3.1252040119135667
186.184 341.144 94.3903 133.248 3.120439263055622
591.924 320.966 105.404 120.805 3.8156213574174833
99.6811 127.991 37.2597 46.5297 2.9936061863131935
570.513 119.988 22.2805 23.2122 3.4200075758679285
584.055 320.827 113.365 131.051 3.716940441509724
424.863 344.686 33.0706 35.9766 4.451025924898539
306.47 123.921 52.739 54.9144 4.64163333250884
396.698 121.366 23.6837 25.0609 3.072111096067899
634.008 123.877 34.2002 49.9984 3.1278045524990383
484.217 120.107 51.7756 54.5658 4.965391908753787
163.295 122.607 21.6152 23.3415 2.417664986447585
223.482 125.056 23.9295 24.8048 5.295555843353555
42.7514 128.783 16.6648 21.9123 2.98255825214807
