10
171.125 295.293 84.1443 88.3438 4.266719155887937
484.113 302.008 86.514 89.685 4.890412564088111
378.785 140.299 66.4504 72.474 4.075692869257159
577.964 115.845 54.6029 67.7245 3.569355399961083
449.634 95.9541 55.8781 56.8513 4.108801765167491
651.698 75.2974 55.7309 64.5239 4.0470869228169715
482.642 301.645 98.0341 100.419 4.167200481939221
169.081 294.78 97.7801 99.1444 3.5727238854174326
480.951 301.993 27.1558 29.1547 2.5809754445566946
343.952 286.469 28.339 30.287 5.267822561539365
