13
170.911 338.907 86.6945 89.9332 3.700900865683896
169.729 338.167 102.294 105.058 3.9588081692510984
485.751 333.042 85.2078 86.949 2.6955214033650825
295.044 291.805 91.034 93.7263 3.296176465438931
605.168 276.252 87.1502 91.6572 3.2755292203878383
87.9771 261.742 46.4733 48.5833 3.0249173930939723
484.845 332.401 96.0292 100.468 3.479645476408575
604.858 277.831 99.504 102.685 3.1886990901011205
295.862 291.514 102.052 107.795 3.7144969805569317
329.745 281.894 82.3356 87.0628 3.0005351434436114
482.609 333.229 27.4675 27.8682 3.960309152407813
606.757 277.501 19.2479 20.8537 5.372315423856265
314.655 164.851 5.48308 11.4955 2.4084671012895753
