17
250.61 255.803 75.7113 190.309 4.528483637102048
454.273 143.845 14.5833 39.93 4.569132355380995
867.859 200.451 26.97 66.2251 4.742862429124511
439.646 45.3564 10.9179 40.5631 4.643413568345874
617.179 32.1955 23.6886 86.6406 4.662716909872931
808.69 26.5761 35.5116 148.833 4.741570885478035
1071.58 137.741 37.3897 110.517 4.822833415450891
1118.27 166.069 39.2686 131.362 4.813862423095641
1209.62 77.3277 31.9698 126.967 4.810685923857011
862.029 321.8 89.9123 186.553 4.772009427632816
778.561 113.707 16.3228 46.5072 4.753055151956158
847.198 556.649 50.0129 77.8354 4.7333678379936615
1113.65 196.099 42.5639 142.067 4.835347426187691
1071.96 143.186 31.1143 103.354 4.816166257708273
353.512 10.5566 8.3174 36.9733 4.635961012439858
644.858 471.321 92.5377 95.3959 4.896678296102771
864.062 237.87 25.3935 71.3073 4.7540848962148345
