14
612.911 489.406 96.2525 103.64 3.075252688721489
656.615 340.853 85.117 161.552 4.697553681742738
954.195 461.135 128.302 217.084 4.855471072463184
1006.2 87.522 43.0317 116.439 4.824090052512326
1008.86 80.7223 54.9394 164.639 4.818417732443345
593.126 49.3536 58.766 182.134 4.649714206945573
293.087 267.156 68.6128 149.293 4.566095482482525
92.946 204.67 59.3748 160.405 4.477083690630813
280.931 60.528 13.0833 42.3799 4.596429304882187
1238.82 29.1013 23.6395 78.0792 4.821105539491416
298.634 300.488 74.048 163.257 4.574996661667696
514.436 851.233 23.3197 36.946 5.225760126566302
653.471 348.395 75.7233 147.199 4.656259191640552
1222.88 120.984 14.1372 42.8753 4.80134841235884
