15
62.686 109.502 34.1297 39.654 4.115975068393188
112.057 17.1038 27.8311 31.1071 4.958480404915891
366.101 150.113 48.1535 52.0419 5.493615806869872
67.8518 114.844 27.0124 33.0139 3.9134819685768054
68.0595 114.249 14.4489 17.2558 3.956120362203027
220.759 283.855 12.3773 13.3052 2.8776814173957304
300.421 244.737 9.20792 9.65629 4.138350189403755
185.435 254.249 9.56755 10.6422 3.1358854269357717
137.051 207.8 12.4335 12.8617 2.9371273317186573
152.34 190.853 7.84635 8.4236 5.009374205904045
162.391 176.233 8.0903 8.92682 2.3848527965100916
177.061 161.731 8.76238 8.95476 4.495252568144076
197.5 238.5 9.51274 10.2335 4.684830231495699
179 190.709 9.48181 10.3053 1.5707963267948966
223.276 209.905 9.61668 10.261 2.5317746129429746
