11
77.5844 71.1857 53.5532 53.96 3.1730085801256913
74.9722 71.4617 67.3613 70.5082 3.0233116901821377
79.4576 277.314 61.3202 67.2279 2.5880789346123114
80.8446 274.292 47.4668 52.9836 2.4072628241056986
413.42 277.339 48.0939 56.6665 3.643252640490523
408.069 275.2 56.7513 64.4708 3.6989984567992225
371.181 50.6943 31.3171 71.8303 3.2534333520575895
386.009 45.0226 47.4176 98.6051 3.2297841406930665
433.99 149.595 61.8968 65.573 4.4636621086829775
431.539 150.714 50.2087 51.1096 5.211256440482229
251.961 68.207 64.0176 68.0835 2.788896518346779
