19
55.6911 262.001 28.8166 39.511 4.498533787137825
183.736 248.164 26.183 33.7858 4.570214459517231
277.549 210.535 23.715 30.2399 4.805048510373069
283.605 336.956 32.4618 37.4486 5.0202301538514496
368.122 288.601 27.5488 34.898 5.2441035370047615
433.404 251.493 19.3115 28.3148 5.050284723570792
485.323 217.939 16.145 25.9491 5.174639432775388
353.211 177.71 20.1522 29.416 5.023633545892839
418.201 150.605 16.6812 27.1433 5.139191795667383
468.693 128.644 13.1143 25.9599 5.05374047548974
109.061 151.964 18.2032 32.3604 4.638683726072969
201.769 119.315 16.9392 30.62 4.676452651086126
285.502 95.6422 15.2722 27.6002 4.929926818353263
351.202 77.5667 13.9984 26.216 4.923416740243324
407.674 62.0449 10.9474 24.3459 4.914742453860912
121.777 43.4329 12.0341 29.4709 4.693015825687552
21.7118 59.7704 14.2828 30.9385 4.549933733609057
205.608 25.1119 12.5455 28.0196 4.769827766067823
280.621 10.8094 8.7317 24.5598 4.866396833580669
