20
260.108 286.344 46.1607 57.5552 3.1051676321006716
104.576 102.037 23.9524 38.224 2.6476993818604377
96.0645 266.89 57.1271 68.4743 2.8827603255190337
142.601 174.533 24.3923 39.1565 2.7745324586028657
196.549 298.71 27.4971 42.3841 3.269664914101137
210.288 73.2917 27.7565 49.1848 2.6306126084834136
16.8742 154.096 29.7214 46.2783 2.7456821660673993
235.412 173.83 29.6627 50.2685 2.8919407573845244
211.098 432.937 41.3788 62.8372 3.6602346941124284
220.991 168.262 11.13 19.4024 2.9580887360351094
107.23 183.145 9.48515 12.9875 2.78545821972035
127.469 505.091 41.2877 62.4638 3.443237908211973
11.9755 342.365 40.9181 55.4029 2.5933149223682945
316.175 216.593 17.3446 37.8533 3.057171077670828
290.506 160.29 28.3139 42.6175 2.8715204051361907
262.505 90.8703 18.3229 36.7862 2.698837528943872
157.603 52.4622 10.5876 17.3698 2.8029638721178536
139.084 376.886 42.9799 73.6347 3.229679420937947
204.165 246.313 5.4957 12.6716 3.7010404920240556
282.112 229.285 18.6845 25.7137 2.5121396588580382
