11
242.0790 124.6791 37.5916 38.4450 1.7059633507155976
224.8539 44.9205 39.9584 42.1776 1.7381803833781608
166.6772 120.9400 34.2808 36.6300 1.6524829717759872
139.5257 49.6404 35.1034 35.2304 1.3406257957003884
60.3015 49.0779 40.2288 41.5314 1.5130102205906162
32.8849 125.5677 28.4441 30.3820 2.109460784496411
97.0664 120.7253 31.9057 32.4394 1.4206683405261005
70.9097 48.9974 10.2988 15.1257 3.1151962939826308
145.3789 62.9247 6.6643 7.9513 0.144357927761703
164.6536 126.3612 8.3806 10.6016 1.3411162332201987
70.0573 48.0441 3.4313 13.5787 3.1065569141852594
