12
324.8931 194.5194 11.8084 16.6823 2.660567694435392
474.9386 67.0988 8.2352 14.6888 3.0696711257736107
518.9849 146.0824 7.6509 15.0569 2.918967180851656
399.9872 49.8384 8.3310 13.7887 2.5489992673309065
379.6185 73.4876 8.1042 16.0605 2.861889678323686
357.2258 111.0289 7.8613 15.1986 0.4343566002853248
291.7002 309.1195 9.8427 16.9431 2.047026866494069
302.6611 266.0739 6.9456 17.1802 0.16594415995036885
496.7198 99.5816 5.5100 14.2644 2.880348280492778
540.5012 205.0552 5.7530 13.4127 2.888277311284588
453.7312 45.9530 4.9618 14.5818 0.0280404597625409
432.0997 37.4903 7.1242 14.0685 0.327788541487803
