10
695.6098 318.8594 13.3328 18.3956 0.19572994896490406
370.8512 198.7362 11.7075 18.8567 0.09154775525485857
386.9281 230.9868 8.8132 17.4024 0.5109870264233879
286.4795 85.3538 10.3929 17.7460 0.6147852476979947
164.9235 55.2750 8.8794 18.1822 2.7139224096688586
75.3785 127.7974 8.7563 19.4197 2.570020012841926
253.5933 61.4500 9.1902 18.6925 2.3697120652490407
270.1458 72.4719 5.6423 19.4982 0.015873769546888426
405.1563 266.2408 10.1257 17.8056 1.0454068433840515
455.8395 313.7805 9.5004 18.5014 0.28111669196022265
