11
248.7377 250.4955 243.7344 245.0892 2.008442872720231
249.5101 249.6452 229.5363 232.0921 1.9941922593776968
249.1002 248.8250 185.9197 186.4178 1.875337082646135
220.8994 42.7060 4.1473 10.5918 3.0590176360194374
221.0566 42.6073 9.7879 12.8097 3.0043329798959513
342.9474 60.9136 4.8543 6.6124 0.5592994854478428
341.8470 62.2525 9.9488 11.8471 0.8493801884463085
298.5543 451.7391 11.3375 13.9748 2.505619108772587
298.9622 452.7824 4.7683 8.0032 2.884472493515241
252.1073 373.6588 39.3515 50.3172 3.1042478435848704
251.6326 373.9489 26.9032 37.8910 3.108700178506708
