13
248.3666 176.6786 41.8046 43.5013 72.2633
248.7869 176.9678 22.8764 26.4990 94.0395
248.2530 178.5003 15.6184 16.5230 178.1923
357.4176 182.0172 37.7451 40.2543 42.4384
357.4011 180.4864 8.1533 9.8083 95.7701
446.6739 314.5480 34.2561 34.4008 96.1286
362.4860 312.6839 37.1849 38.9286 60.4138
261.0566 311.7409 33.9171 38.1386 89.2458
160.4468 307.6659 38.3564 42.2736 87.9569
399.3848 444.0490 29.7446 36.1647 172.3739
410.0940 444.0716 39.6655 41.3234 5.9739
300.1649 440.4583 36.2071 38.8676 84.3537
180.1450 392.2270 35.9716 40.0302 90.1690
