12
18.5278 168.88  26.8416 22.4828  3.6516302209000964
46.6404 154.735  23.5113 13.9925  2.5220880355944058
86.4219 177.725  29.2744 11.8546  2.788093666890862
122.033 162.535  24.4479 15.6366  3.4960166647922817
157.96 137.958  17.2061 16.1582  2.5582338044032085
227.692 142.84  19.2468 17.1242  4.123113465033844
286.465 135.671  16.0704 11.2694  2.8884675521730556
314.494 128.12  14.1356 11.6929  3.0616914804334927
250.324 123.772  14.0809 8.30849  2.832948628667116
160.288 124.963 23.6257 16.641  2.963586523178891
133.896 130.012  25.9643 14.9281  3.0202922705761877
100.014 131.079  27.5562 13.7838  2.996363806531345
