13
523.228 616.428 168.925 170.839 4.596691104269985
378.626 407.399 29.128 30.7536 2.756223954749445
573.276 577.724 18.8586 19.7646 4.524329753482301
525.581 545.651 20.4921 21.1034 2.6848574416353967
471.216 559.752 19.2533 20.4935 3.428140810182222
443.31 610.91 19.0426 20.3129 4.458530840682115
457.338 665.216 19.5078 20.8692 2.5396285945769486
506.758 694.115 19.3049 20.3237 5.25401700715609
562.477 680.92 20.6474 20.8141 5.456946439285471
590.302 632.373 19.3152 20.8445 4.880184934671425
515.994 622.671 36.6514 38.6287 2.8900907083774103
594.942 119.732 23.6279 90.7719 4.694394635796628
47.9235 363.545 33.5408 56.7924 3.0583579015621836
