22
1076.35 195.801 28.4783 83.463 4.8366389698341665
836.511 262.654 67.6534 170.175 4.7602808150594145
834.023 268.346 51.1676 126.624 4.771834894707617
482.408 645.616 120.411 183.184 4.595766079766428
378.041 291.721 86.4273 208.633 4.57712596335513
843.715 790.254 181.791 255.767 4.8052928564683475
841.023 826.118 147.652 224.13 4.7962695042355366
44.358 600.508 100.795 188.156 4.406624748727803
67.9649 697.757 105.777 181.31 4.399381632332027
138.563 249.557 53.0289 158.527 4.516353598800686
557.655 93.7704 13.5731 43.9264 4.69992732952545
437.984 103.717 11.0361 34.1515 4.636798770480815
298.65 156.3 10.9493 39.4273 4.545605317064112
479.739 655.168 109.245 171.748 4.557962248168232
1063.79 285.15 19.5216 43.9205 4.775081207116326
377.696 290.291 74.6817 190.11 4.572483387544824
19.2491 319.962 19.7312 52.0157 4.462318205158942
60.9019 469.742 15.9125 38.366 4.452160388912335
482.048 665.642 76.9624 118.971 4.611718389129657
485.93 663.152 31.8965 43.8951 4.654042623490519
53.0247 635.153 110.503 199.234 4.405350658373847
659.893 416.382 74.0966 77.0521 2.9823313593453107
