24
238.083 175.05 159.148 170.67 4.7136630707386455
349.016 153.225 11.9955 12.9408 2.640264279246942
269.851 90.1346 10.5658 11.6045 4.098504322580724
136.69 212.276 13.9345 15.4537 3.6272479712497354
92.0916 193.664 12.3794 14.5166 4.203433517210623
185.307 259.66 11.1137 12.7979 5.142420654783573
147.558 161.608 9.96267 11.5946 3.914564072713042
275.021 286.128 10.0557 11.9235 2.3588997505329363
321.998 278.337 9.22371 10.7509 4.698182000273456
379.62 120.788 10.6467 12.7274 4.856727709524621
241.486 210.551 165.217 168.848 4.683451421386623
107.544 128.826 9.54428 11.1875 4.510820905071865
194.264 118.738 9.26657 9.91725 4.947327750995647
156.412 55.3701 9.82665 11.5517 4.828750081615151
202.656 51.5818 8.22475 9.27054 4.734799007980297
268.274 40.9796 10.0883 10.3366 3.6426592285448454
316.395 60.386 9.19206 10.0168 5.239687853997216
285.158 312.985 11.0346 12.5445 4.510925624826984
321.967 103.654 8.90522 9.66785 4.820931006566217
356.93 260.131 7.38565 8.17838 4.753002792078598
368.419 194.661 9.26933 10.4662 4.543493468669198
229.787 93.6673 7.45833 8.64872 4.650394885353851
225.59 315.454 17.1158 19.8015 4.5333880123001515
126.76 266.03 11.7671 12.3576 4.978028092538227
