28
238.02 179.814 58.0084 91.6785 2.476674568457513
239.732 178.561 44.6204 70.8489 2.436689075294323
238.7 180.246 35.9392 61.1607 2.4482606082350458
252.704 166.987 16.0181 27.3222 2.4152215254947933
84.2223 75.0251 59.9654 95.1584 2.3745204473382855
82.3544 77.2765 49.411 79.1159 2.3826187750675394
84.9056 73.4804 37.5507 60.4027 2.397296994076811
98.6454 63.8025 20.9049 29.0022 2.3697906050653805
287.465 45.127 20.9405 31.1106 5.471450125369543
39.7103 223.993 63.5055 90.6498 2.3568751686006224
47.8656 222.657 37.6185 56.2204 2.359545522356174
55.6839 211.669 24.4416 37.4623 5.457400224890989
45.252 224.915 72.2236 100.199 2.3928114978991863
212.313 326.431 53.3041 79.5166 2.395307318729538
214.38 320.685 60.0993 91.9442 5.486931195834733
217.443 324.636 36.9322 50.6515 5.4117947715363774
234.128 317.927 19.9249 35.4002 5.448184886440459
383.987 280.412 43.8634 72.2113 2.4606349926316855
384.45 285.418 35.2268 58.1018 2.5549700387019794
395.815 270.863 15.5494 29.4262 2.5056295807480997
380.963 276.057 55.2375 82.6656 2.456882534739898
419.855 144.353 19.8428 33.1042 5.461885721068614
413.086 155.041 28.474 49.4353 2.4190088899716207
404.562 148.969 47.351 81.356 2.4205971395909356
443.404 36.7016 31.5966 40.8945 2.5018422162712715
277.09 54.76 42.5287 69.8017 2.398902696988646
277.527 52.332 31.5094 53.8152 2.3715359343173747
274.326 57.6518 52.4796 87.8054 2.3925147919263465
