11
265.282 134.994 19.499 21.8372 4.66332777511113
167.014 49.0149 12.4886 26.9982 4.677464942052284
91.3473 114.921 13.5662 32.4745 4.699438637334891
109.898 301.494 76.3676 77.0466 2.9578618432323505
254.588 348.218 84.3439 90.0409 4.649906193163293
253.582 356.978 72.8244 82.3483 4.898039652919326
422.454 130.354 11.7732 27.8502 4.772061787510376
421.905 148.517 17.362 38.6802 4.732948958973183
264.332 301.119 76.1684 95.3393 4.874739507405203
231.029 17.3633 7.79998 19.8856 4.7467719666489785
134.948 136.093 6.76454 12.5615 4.844440591590581
