10
252.979 184.344 169.772 228.945 4.706978459703508
196.567 298.569 19.9048 28.8715 4.15512280351542
272.217 255.852 19.7882 26.6894 4.971099135407809
308.605 218.632 10.6713 16.2232 4.681025413726351
339.957 199.509 13.4785 20.9748 4.794018029500465
168.949 156.287 10.6066 13.3914 5.249688590611145
246.321 157.717 8.21513 11.2022 2.883894789532831
259.962 183.266 6.89409 9.07882 5.382647773028072
231.129 193.024 8.47934 10.1049 2.411853040038444
244.595 274.366 14.1737 25.308 5.294334112877159
