13
102.375 64.2853 20.5566 24.1293 2.973953778935738
99.1334 64.4796 30.2116 33.6228 3.306980053508776
88.1577 234.446 36.1227 43.5726 2.993867985700993
93.2835 234.247 39.8523 47 3.0423532323213953
50.6642 239.526 27.6246 31.3357 2.9583505354229085
54.6331 238.925 17.4438 21.4429 2.9395184327938897
437.538 273.183 25.9887 26.6354 4.521065987781071
432.413 274.127 35.9984 37.4854 5.415128350407687
457.815 272.215 48.1097 51.8887 2.756276314627005
151.266 69.6369 26.6784 32.1555 3.284866731886008
321.412 133.7 13.8865 23.0661 4.907307351247416
492.462 146.494 10.4188 12.5619 5.165633533835097
97.4453 49.6746 70.7997 133.537 5.152124685424661
