14
411.153 402.403 35.1497 56.4448 4.723506727719894
299.792 420.344 37.1704 58.5885 4.623429548410539
172.339 387.606 36.6073 54.5011 5.220611405272919
89.2453 399.114 45.1344 69.9212 5.075644357602269
206.577 168.199 22.4845 29.8763 4.640498868495043
126.222 195.154 22.7969 28.9342 4.483436689108074
31.5966 87.2695 20.5616 27.8548 4.5395839311447315
254.368 50.6844 9.08777 12.9238 4.524137767264581
409.088 417.466 39.0635 55.4361 4.771747628245017
298.025 444.199 38.2918 51.9517 4.721604318835221
249.688 51.3105 22.5156 29.866 4.018550789546864
206.185 191.991 17.0532 28.7164 4.6485622896392575
87.6156 401.97 34.4144 60.5294 5.068732853764372
78.9799 434.864 59.5693 70.604 5.085208761903198
