11
238.671 131.552 48.2003 48.7307 3.2417047394841876
188.194 176.685 40.3272 43.673 2.7989496148382664
152.597 211.159 35.7855 38.7511 5.491346878842278
118.442 240.676 30.2029 33.5551 2.419864101305098
95.0919 263.712 28.0005 31.0947 2.633509855041724
73.961 280.61 25.4998 27.6706 5.274594439037103
344.976 149.057 43.8558 46.5536 5.439336067132849
305.241 257.575 56.5956 59.1495 2.838097349960499
271.522 206.557 36.0278 39.6893 4.647043853190022
394.415 192.443 50.1752 52.3765 5.325802399290617
243.653 282.619 36.0661 37.2716 2.8883628324179362
